305 0.10355281829833984
305 0.10555815696716309
306 0.17498993873596191
307 0.24573802947998047
307 0.24776911735534668
308 0.26882171630859375
308 0.2708272933959961
308 0.2718324661254883
308 0.27383899688720703
309 0.32311415672302246
363 14.116734743118286
363 14.118745565414429
363 14.120750427246094
364 14.184226512908936
365 14.215480089187622
365 14.215480089187622
366 14.262360334396362
366 14.262360334396362
367 14.29361367225647
368 14.356126308441162
369 14.434260606765747
417 28.208282709121704
417 28.6383855342865
418 28.77744436264038
419 28.855578184127808
419 29.436550855636597
419 29.436550855636597
419 29.436550855636597
419 29.436550855636597
420 29.467803955078125
420 29.467803955078125
421 29.541686534881592
469 43.249568700790405
470 43.323662996292114
470 43.32566809654236
470 43.32767343521118
470 43.32867622375488
471 46.312546253204346
472 46.40630793571472
474 46.42193269729614
475 46.531416177749634
475 46.53342127799988
475 46.53542685508728
519 60.289581060409546
520 60.43025255203247
521 60.51254749298096
521 60.513550996780396
522 60.58662509918213
522 60.58662509918213
523 60.649128675460815
523 60.649128675460815
524 60.68035840988159
524 60.68035840988159
524 60.68035840988159
559 74.46215033531189
559 74.46215033531189
560 74.6582863330841
560 74.6582863330841
562 74.67391228675842
562 74.67391228675842
562 74.67391228675842
562 74.67391228675842
563 74.90976190567017
564 75.21321773529053
564 75.21321773529053
613 89.13471937179565
614 89.18159985542297
615 89.1972267627716
615 89.1972267627716
615 89.1972267627716
615 89.1972267627716
616 89.22850370407104
617 89.27538633346558
618 89.44984316825867
618 91.55605745315552
618 91.55605745315552
650 105.3456552028656
650 105.3456552028656
651 105.37693500518799
651 105.37693500518799
651 105.37693500518799
651 110.78619861602783
652 110.8331024646759
653 110.89983367919922
654 110.95168972015381
655 112.12133526802063
655 112.1223373413086
680 125.88673114776611
681 125.88673114776611
682 125.94923806190491
683 125.99611616134644
684 126.12418627738953
684 126.1251893043518
684 126.68234825134277
685 126.7448718547821
685 126.7448718547821
686 126.9581139087677
687 126.97374057769775
715 140.86373138427734
715 140.86373138427734
715 140.86373138427734
715 140.86373138427734
716 140.99785256385803
716 140.99785256385803
717 141.01347947120667
718 141.12286758422852
718 141.12286758422852
719 141.16974639892578
719 141.18537306785583
754 154.97538876533508
755 155.04454231262207
755 155.04454231262207
755 155.04454231262207
755 155.04454231262207
755 155.06016969680786
756 155.34400486946106
757 155.42213797569275
758 155.45339179039001
759 155.51547384262085
759 155.51647686958313
781 169.36883664131165
781 169.36883664131165
782 169.58758425712585
783 169.6813449859619
783 169.6813449859619
784 169.78141593933105
785 169.95683193206787
785 172.61015725135803
785 173.15434765815735
786 173.45586562156677
786 173.45586562156677
806 187.33847379684448
806 187.33847379684448
806 187.33847379684448
806 187.33847379684448
807 187.4791362285614
807 187.4791362285614
808 187.60415124893188
809 187.69813442230225
809 187.6991662979126
809 189.3679177761078
810 189.3991711139679
830 203.1221272945404
831 203.215882062912
831 203.215882062912
832 203.52619743347168
833 203.65121173858643
833 203.65121173858643
834 203.8391306400299
835 203.94850087165833
835 203.94850087165833
835 203.94850087165833
836 204.09336972236633
854 217.97341656684875
855 218.32440996170044
855 219.99983096122742
856 221.12505459785461
856 221.12505459785461
856 221.12505459785461
856 221.12505459785461
856 221.12505459785461
857 221.302255153656
857 221.3032579421997
857 221.30526304244995
874 235.19594168663025
875 235.58990049362183
875 235.58990049362183
876 235.81749200820923
876 235.81749200820923
877 235.97373628616333
878 236.0691432952881
878 236.0691432952881
879 236.12067794799805
880 236.15376567840576
880 236.15484523773193
898 253.17415714263916
898 253.17615389823914
899 253.26238250732422
900 253.31452131271362
900 253.31652545928955
900 255.35369729995728
901 255.8467047214508
901 258.42208528518677
901 258.424090385437
902 258.4977867603302
903 258.60156178474426
919 275.2416069507599
919 275.2416069507599
919 275.2572603225708
920 275.3257784843445
920 275.32780861854553
920 278.02457880973816
920 278.026584148407
920 280.1132159233093
920 280.11521315574646
920 280.1172182559967
920 280.11922335624695
936 296.78414249420166
937 296.83102560043335
937 298.76453161239624
937 300.4504723548889
938 300.532160282135
939 300.8411428928375
939 300.8411428928375
939 300.8411428928375
939 302.71281814575195
939 305.4771945476532
939 305.4771945476532
951 319.6113338470459
951 319.6113338470459
952 320.13690280914307
953 320.22213435173035
954 320.37840270996094
954 320.37840270996094
954 320.37840270996094
955 320.4721610546112
955 320.4721610546112
956 321.00562143325806
957 321.55599570274353
968 335.71133971214294
969 335.8134536743164
970 336.21271991729736
970 336.21271991729736
970 336.2296452522278
970 337.44184923171997
971 337.6137454509735
972 337.87278962135315
972 337.87278962135315
972 337.87278962135315
972 337.87278962135315
990 352.03807377815247
990 352.03807377815247
990 352.03807377815247
990 352.03807377815247
991 352.1863143444061
991 354.45583176612854
991 354.45583176612854
991 354.45583176612854
992 354.59705543518066
993 354.7064332962036
993 354.7064332962036
1003 368.7489104270935
1003 368.75090622901917
1004 368.8083031177521
1004 368.8083031177521
1004 368.8083031177521
1004 368.82393312454224
1005 369.3735182285309
1005 369.3891131877899
1005 369.3891131877899
1005 369.3891131877899
1005 369.3891131877899
1014 383.3232717514038
1015 384.0178077220917
1015 384.0178077220917
1016 384.033433675766
1016 385.7639892101288
1016 388.0591170787811
1016 388.0591170787811
1016 388.0747435092926
1016 388.0747435092926
1017 388.2063002586365
1017 390.50163555145264
1024 404.4958746433258
1024 404.4978802204132
1024 404.49988532066345
1024 407.20048427581787
1024 407.20048427581787
1025 407.2473409175873
1026 408.0117781162262
1026 410.2028958797455
1027 410.2497766017914
1027 410.2497766017914
1027 410.2497766017914
1039 424.3603355884552
1040 426.2248258590698
1041 426.4342691898346
1042 426.46552205085754
1042 426.46552205085754
1042 426.46552205085754
1043 428.80562019348145
1043 428.80562019348145
1043 428.80562019348145
1043 431.0331840515137
1043 431.03518891334534
1052 445.0196039676666
1052 445.0206067562103
1052 445.7609827518463
1052 448.5052082538605
1052 448.5072133541107
1052 448.5092132091522
1052 448.51121830940247
1053 449.1324951648712
1053 449.1324951648712
1053 449.1324951648712
1053 449.6785936355591
1059 463.84153032302856
1059 466.0734956264496
1059 468.2184829711914
1060 468.25340580940247
1061 468.9856390953064
1062 469.850017786026
1062 469.86562037467957
1062 470.41864705085754
1062 472.14272379875183
1063 477.3019859790802
1063 488.77543926239014
1067 502.84262681007385
1067 502.84262681007385
1067 502.84262681007385
1068 502.91593766212463
1069 502.9955093860626
1069 503.5589876174927
1069 506.26582050323486
1069 506.26582050323486
1070 506.3439562320709
1070 508.08468890190125
1070 508.08468890190125
1074 522.3099980354309
1075 522.3725020885468
1075 533.7896180152893
1076 533.8087749481201
1076 533.8244016170502
1076 534.4009001255035
1076 534.4009001255035
1076 534.4009001255035
1076 534.4009001255035
1077 534.4477543830872
1077 534.4477543830872
1083 548.5343949794769
1083 550.3137664794922
1083 550.3137664794922
1083 551.6692435741425
1083 553.4845499992371
1083 553.4845499992371
1083 555.6638588905334
1083 555.6638588905334
1084 555.7203941345215
1084 555.7223992347717
1085 556.1195394992828
1092 570.078239440918
1092 570.078239440918
1093 570.9466092586517
1094 571.8862726688385
1095 572.027613401413
1095 572.027613401413
1096 572.1143853664398
1097 572.144561290741
1098 572.3008279800415
1099 572.363335609436
1100 572.4996047019958
1103 586.5832090377808
1104 587.5038044452667
1105 589.1879613399506
1105 600.6709070205688
1105 606.1836180686951
1106 606.2658174037933
1106 608.0224044322968
1106 608.0244126319885
1106 608.5645196437836
1106 608.5645196437836
1106 608.5645196437836
1116 622.6660885810852
1116 624.8500695228577
1116 624.8500695228577
1117 624.9072766304016
1117 627.0426037311554
1117 627.0426037311554
1117 628.7794024944305
1117 634.7251019477844
1117 634.7251019477844
1117 640.2559504508972
1117 640.2579545974731
1120 654.347909450531
1120 665.7284986972809
1120 665.7295017242432
1120 667.8724703788757
1120 669.6049652099609
1120 669.6049652099609
1120 669.6049652099609
1120 669.620591878891
1120 671.8042266368866
1120 672.3346548080444
1120 672.3346548080444
1123 686.367650270462
1124 686.4770133495331
1124 686.4770133495331
1124 686.4928112030029
1124 687.0716788768768
1124 687.0716788768768
1124 687.6697645187378
1124 687.6697645187378
1124 687.6853907108307
1124 687.6853907108307
1124 689.8387756347656
1127 703.9564747810364
1128 704.3387472629547
1128 704.9335086345673
1128 706.6558880805969
1128 712.1283578872681
1128 712.1303629875183
1128 712.131365776062
1128 712.8798069953918
1128 712.8798069953918
1129 712.9037561416626
1129 724.3457698822021
1131 738.3068091869354
1131 744.689270734787
1131 744.689270734787
1132 744.8455078601837
1132 744.8455078601837
1133 744.942836523056
1133 744.9448425769806
1133 744.9458429813385
1133 748.6515526771545
1133 748.6515526771545
1134 748.7140591144562
1136 762.769847869873
1137 763.204831123352
1137 764.398410320282
1137 766.1409423351288
1137 766.1419446468353
1137 768.400021314621
1137 768.400021314621
1137 768.400021314621
1137 768.400021314621
1137 772.1509943008423
1137 772.1509943008423
1139 786.2221672534943
1139 786.2221672534943
1139 787.5919921398163
1140 787.6545069217682
1140 788.2182288169861
1140 788.2182288169861
1140 791.2387681007385
1141 793.4732444286346
1141 795.7747955322266
1142 795.8998320102692
1143 796.0265738964081
1146 810.1239929199219
1146 811.8608565330505
1146 814.0602838993073
1146 815.8552005290985
1147 816.3685138225555
1148 816.4153964519501
1148 818.1864421367645
1148 820.3789298534393
1148 820.3789298534393
1148 822.1112785339355
1148 827.6171536445618
1149 841.7293689250946
1150 841.7642822265625
1150 841.7642822265625
1150 841.7642822265625
1150 841.7642822265625
1150 842.3664374351501
1150 842.3664374351501
1150 842.3664374351501
1151 842.3820672035217
1151 842.3820672035217
1151 845.4198927879333
1152 859.4766135215759
1152 859.4766135215759
1152 859.4766135215759
1152 859.4922316074371
1152 862.4835815429688
1152 863.8547894954681
1152 870.2654585838318
1153 871.0777080059052
1154 871.2027025222778
1154 871.2027025222778
1154 873.9617722034454
1155 888.1827220916748
1155 889.9370970726013
1155 889.9370970726013
1155 890.5476968288422
1155 890.5476968288422
1155 890.5476968288422
1155 890.5476968288422
1155 890.5476968288422
1155 896.523824930191
1155 897.7333650588989
1155 897.7333650588989
1156 911.99542927742
1156 911.99542927742
1156 911.99542927742
1156 911.99542927742
1156 912.5539357662201
1156 918.1202237606049
1157 918.2078597545624
1157 918.2078597545624
1157 918.2078597545624
1157 920.0229597091675
1157 925.6314344406128
1158 939.8805904388428
1158 939.8805904388428
1158 939.8805904388428
1158 941.6320085525513
1158 947.2301509380341
1158 947.2301509380341
1158 947.2301509380341
1158 949.0950078964233
1158 950.8563873767853
1158 950.8563873767853
1158 950.8603851795197
1158 965.1682412624359
1158 965.1682412624359
1158 971.6969368457794
1158 977.2547454833984
1158 978.9675600528717
1158 979.5696787834167
1158 979.5696787834167
1158 980.3520593643188
1158 982.123352766037
1159 982.1773216724396
1159 982.1773216724396
1159 996.5868556499481
1159 997.1743416786194
1159 997.178341627121
1159 999.409478187561
1159 999.409478187561
1160 999.6314179897308
1160 999.6314179897308
1160 999.6314179897308
1160 999.6314179897308
1160 1001.0856592655182
1160 1001.0856592655182
1160 1015.4682235717773
1160 1015.4682235717773
1160 1015.4682235717773
1160 1017.5002598762512
1160 1017.5022654533386
1161 1017.7146897315979
1161 1019.4261319637299
1161 1022.535336971283
1161 1022.5373423099518
1161 1022.5393478870392
1161 1023.752110004425
1161 1038.093269109726
1162 1038.205940246582
1162 1039.5913362503052
1162 1045.6172995567322
1162 1048.6664440631866
1162 1049.4330484867096
1162 1049.4330484867096
1162 1051.1878535747528
1162 1051.1878535747528
1162 1053.396562576294
1162 1053.396562576294
1162 1067.5825703144073
1162 1067.5825703144073
1162 1067.5825703144073
1162 1067.5825703144073
1163 1067.6450765132904
1163 1068.2146565914154
1163 1070.3993394374847
1163 1070.3993394374847
1163 1075.89834856987
1163 1075.9139776229858
1164 1076.0697484016418
1164 1090.1495580673218
1164 1092.3097126483917
1164 1097.7468881607056
1164 1097.7489128112793
1164 1097.7509036064148
1164 1097.7529213428497
1164 1099.1106097698212
1164 1099.1106097698212
1164 1099.1106097698212
1164 1099.1106097698212
1164 1104.5711936950684
1164 1118.596624135971
1164 1118.596624135971
1164 1120.4057710170746
1164 1120.4057710170746
1164 1123.102795124054
1164 1123.6852326393127
1164 1123.6852326393127
1164 1123.6852326393127
1165 1124.8817720413208
1165 1124.8817720413208
1165 1127.5951266288757
1165 1141.5793280601501
1165 1141.5949552059174
1165 1144.320058107376
1165 1144.320058107376
1165 1144.320058107376
1165 1146.0509943962097
1165 1146.6139056682587
1165 1148.7814581394196
1165 1151.0330076217651
1165 1151.0350131988525
1165 1151.0370185375214
1165 1165.129562139511
1165 1166.81409573555
1165 1166.81409573555
1165 1166.81409573555
1165 1166.81409573555
1165 1166.81409573555
1165 1166.81409573555
1165 1166.81409573555
1165 1168.577983379364
1165 1175.012057542801
1165 1186.3764083385468
1165 1200.369081735611
1165 1200.369081735611
1165 1200.369081735611
1165 1200.369081735611
1165 1200.369081735611
1165 1200.369081735611
1165 1200.3847086429596
1165 1204.081692457199
1165 1205.8146245479584
1165 1205.8146245479584
1165 1205.8146245479584
1165 1219.8531641960144
1165 1219.8687813282013
1165 1219.8687813282013
1165 1220.4564332962036
1166 1223.800323009491
1166 1223.800323009491
1166 1225.615416765213
1166 1231.0693595409393
1167 1238.7392711639404
1167 1239.518539428711
1167 1239.5205447673798
1167 1253.5954082012177
1167 1253.5954082012177
1167 1253.5954082012177
1167 1253.6110351085663
1167 1259.1200523376465
1167 1259.5705826282501
1167 1263.5646800994873
1167 1263.5646800994873
1167 1263.5803298950195
1167 1269.5157783031464
1167 1269.5177836418152
1167 1283.515768289566
1167 1283.515768289566
1167 1285.2524020671844
1167 1285.2544071674347
1167 1286.9415044784546
1167 1292.385722398758
1167 1298.0296642780304
1167 1300.252123594284
1167 1300.2541291713715
1167 1300.255131483078
1167 1300.2571368217468
1167 1314.3723034858704
1167 1314.3723034858704
1167 1314.3723034858704
1167 1316.537734746933
1167 1317.8818221092224
1167 1317.8818221092224
1167 1324.3431088924408
1167 1325.6061770915985
1167 1326.1895322799683
1167 1326.1895322799683
1167 1326.1895322799683
1167 1340.277274131775
1167 1340.2929003238678
1167 1343.34641623497
1167 1343.34641623497
1167 1343.9201374053955
1168 1345.9461784362793
1168 1357.3396072387695
1168 1360.363065481186
1168 1365.8193531036377
1168 1365.8193531036377
1168 1365.8193531036377
1168 1379.800773859024
1168 1391.2194390296936
1168 1394.9283277988434
1168 1397.1164798736572
1168 1397.1164798736572
1168 1398.8492078781128
1168 1398.8492078781128
1168 1398.8492078781128
1168 1400.642317533493
1168 1402.0062692165375
1168 1402.0082745552063
1168 1416.1142485141754
1168 1418.3862636089325
1168 1418.3862636089325
1168 1418.3862636089325
1168 1420.3603160381317
1168 1431.7912230491638
1169 1432.0276379585266
1170 1432.5747492313385
1170 1433.1365389823914
1170 1434.8534536361694
1170 1435.4338109493256
1170 1449.593935251236
1170 1449.593935251236
1170 1456.035367012024
1170 1456.4893155097961
1170 1458.6585171222687
1170 1458.6585171222687
1170 1460.8722004890442
1170 1463.1343994140625
1170 1463.1343994140625
1170 1465.340933561325
1170 1465.3429381847382
1170 1479.3625717163086
1170 1479.90159034729
1170 1481.6664190292358
1170 1482.257262468338
1170 1482.2582659721375
1170 1484.2017350196838
1170 1487.204787492752
1170 1488.9357357025146
1170 1492.665552854538
1170 1492.665552854538
1170 1495.7238204479218
1170 1509.8219249248505
1170 1512.851436138153
1170 1512.851436138153
1170 1516.5646946430206
1170 1516.5646946430206
1170 1517.1569209098816
1170 1522.7265238761902
1170 1524.0831580162048
1170 1524.0831580162048
1170 1529.5725297927856
1170 1529.5725297927856
1170 1543.5864112377167
1170 1544.1676182746887
1170 1544.1676182746887
1170 1544.1676182746887
1170 1554.7062270641327
1170 1554.7062270641327
1170 1554.7062270641327
1170 1555.8740711212158
1170 1558.590637922287
1170 1558.590637922287
1170 1569.2239673137665
1170 1583.2699477672577
1170 1584.9487318992615
1170 1585.70711684227
1170 1591.1626131534576
1170 1597.1533133983612
1170 1599.4337203502655
1170 1599.4337203502655
1170 1603.4271171092987
1170 1604.0168826580048
1170 1604.0188879966736
1170 1604.0198903083801
1170 1618.05619430542
1170 1618.05619430542
1170 1618.05619430542
1170 1618.05619430542
1170 1618.8378369808197
1170 1620.5839536190033
1170 1621.3528814315796
1170 1623.3426008224487
1170 1623.3446063995361
1170 1623.3456087112427
1170 1623.34761428833
1170 1637.8834567070007
1170 1639.5897834300995
1170 1650.4411602020264
1170 1650.4411602020264
1170 1654.483640909195
1170 1654.483640909195
1170 1656.6831212043762
1170 1658.911772966385
1170 1658.9127762317657
1170 1660.6600167751312
1170 1660.6600167751312
1170 1674.9922473430634
1170 1674.9942739009857
1170 1674.9962766170502
1170 1677.3557991981506
1170 1681.9486918449402
1170 1681.950698375702
1170 1686.1491446495056
1170 1686.1491446495056
1170 1691.6623737812042
1170 1692.2176179885864
1170 1692.2176179885864
1170 1706.5308396816254
1170 1706.5328452587128
1170 1706.534850358963
1170 1710.3715190887451
1170 1710.3715190887451
1170 1713.5112528800964
1170 1720.163729429245
1170 1724.152548789978
1170 1724.152548789978
1170 1724.152548789978
1170 1724.1681761741638
1170 1738.1123442649841
1170 1738.1279711723328
1170 1738.8774683475494
1170 1741.894121170044
1170 1744.0405616760254
1170 1749.5476169586182
1170 1749.5476169586182
1170 1753.50634431839
1170 1755.4701364040375
1170 1757.2562499046326
1170 1767.8509664535522
1170 1781.9072570800781
1170 1783.1207132339478
1170 1785.844857931137
1170 1785.8468608856201
1170 1785.848867893219
1170 1791.8915028572083
1170 1792.6744043827057
1170 1795.7982912063599
1170 1795.7982912063599
1170 1796.2523620128632
1170 1796.2523620128632
1170 1810.422782421112
1170 1810.422782421112
1170 1812.208081483841
1170 1822.7484426498413
1170 1824.400337934494
1170 1826.1444346904755
1170 1826.1444346904755
1170 1826.1444346904755
1170 1826.1444346904755
1170 1826.1444346904755
1170 1826.594812631607
1170 1840.6717534065247
1170 1841.4232397079468
1170 1841.4232397079468
1170 1843.6002316474915
1170 1843.6002316474915
1170 1850.0390853881836
1170 1850.041090965271
1170 1850.043179512024
1170 1850.043179512024
1170 1850.043179512024
1170 1853.7260596752167
1170 1867.7029359340668
1170 1869.3858606815338
1170 1870.15012216568
1170 1870.15012216568
1170 1872.0795884132385
1170 1872.0952167510986
1170 1872.0952167510986
1170 1878.469090461731
1170 1878.469090461731
1170 1878.469090461731
1170 1878.469090461731
1170 1892.5140047073364
1170 1897.9444711208344
1170 1898.710651397705
1170 1901.728579044342
1170 1901.7306005954742
1170 1903.4102330207825
1170 1906.440578699112
1170 1908.6053733825684
1170 1908.6053733825684
1170 1908.6053733825684
1170 1909.0407457351685
1170 1923.0194854736328
1170 1928.9150273799896
1170 1928.9150273799896
1170 1928.9150273799896
1170 1932.9215910434723
1170 1932.9215910434723
1170 1932.9215910434723
1170 1934.670794248581
1170 1938.6961867809296
1170 1942.7084248065948
1170 1944.9447100162506
1170 1959.2423169612885
1170 1962.2820353507996
1170 1962.2830379009247
1170 1962.8561787605286
1170 1962.8561787605286
1170 1962.8561787605286
1170 1964.6842114925385
1170 1964.6862173080444
1170 1964.6872198581696
1170 1964.689202785492
1170 1965.2545025348663
1170 1979.2762796878815
1170 1979.291906118393
1170 1979.291906118393
1170 1979.833519935608
1170 1979.833519935608
1170 1982.8907380104065
1170 1985.0913395881653
1170 1985.093344926834
1170 1988.101973772049
1170 1992.0567779541016
1170 1992.0567779541016
1170 2006.1359572410583
1170 2006.1515798568726
1170 2006.9153835773468
1170 2006.9153835773468
1170 2006.9153835773468
1170 2006.9153835773468
1170 2006.9153835773468
1170 2007.52290725708
1170 2018.9436423778534
1170 2020.6762640476227
1170 2020.67826962471
1170 2034.754736661911
1170 2045.5367419719696
1170 2045.5387477874756
1170 2046.148868560791
1170 2046.758454322815
1170 2046.7604596614838
1170 2047.5305168628693
1170 2051.6102385520935
1170 2051.6102385520935
1170 2058.058066368103
1170 2058.513111591339
1170 2072.809022426605
1170 2073.374778032303
1170 2075.136221885681
1170 2075.7348494529724
1170 2075.7358496189117
1170 2075.7378318309784
1170 2078.5029077529907
1170 2080.4882407188416
1170 2081.092078447342
1170 2084.889204263687
1170 2084.8912110328674
1170 2098.8993406295776
1170 2098.8993406295776
1170 2101.111914873123
1170 2101.111914873123
1170 2102.8393750190735
1170 2102.8393750190735
1170 2102.8393750190735
1170 2113.5901317596436
1170 2116.6809968948364
1170 2118.038754940033
1170 2118.038754940033
1170 2132.304414510727
1170 2132.304414510727
1170 2132.304414510727
1170 2134.0202939510345
1170 2134.0202939510345
1170 2134.035894870758
1170 2134.035894870758
1170 2136.383280992508
1170 2142.4417424201965
1170 2144.2081620693207
1170 2144.2081620693207
1170 2158.482143640518
1170 2160.2571969032288
1170 2161.033908367157
1170 2161.0349113941193
1170 2161.0369164943695
1170 2161.0389218330383
1170 2163.0328731536865
1170 2163.0485005378723
1170 2165.2587270736694
1170 2166.6540217399597
1170 2166.656026124954
1170 2180.6425461769104
1170 2182.92772936821
1170 2184.729355573654
1170 2187.718207359314
1170 2187.718207359314
1170 2188.1688163280487
1170 2190.321133375168
1170 2190.321133375168
1170 2190.321133375168
1170 2190.321133375168
1170 2194.0458755493164
1170 2208.115131855011
1170 2208.115131855011
1170 2208.130758047104
1170 2211.154748439789
1170 2214.9351851940155
1170 2214.9351851940155
1170 2214.9351851940155
1170 2221.3204703330994
1170 2222.519997358322
1170 2222.5356476306915
1170 2222.5356476306915
1170 2236.704604625702
1170 2236.7066099643707
1170 2237.4409651756287
1170 2237.456621170044
1170 2241.458515882492
1170 2241.458515882492
1170 2243.6735801696777
1170 2244.497496366501
1170 2248.2596259117126
1170 2253.799383163452
1170 2253.799383163452
1170 2268.415173768997
1170 2268.415173768997
1170 2270.586885690689
1170 2270.602511405945
1170 2272.761109828949
1170 2274.390296459198
1170 2285.317446231842
1170 2285.317446231842
1170 2285.317446231842
1170 2285.317446231842
1170 2286.7873826026917
1170 2301.175925016403
1170 2312.2495317459106
1170 2319.1385638713837
1170 2319.1395666599274
1170 2319.1415717601776
1170 2321.2380316257477
1170 2321.846118211746
1170 2321.846118211746
1170 2322.42338514328
1170 2322.42338514328
1170 2324.2009942531586
1170 2338.6683478355408
1170 2339.217792034149
1170 2342.282154083252
1170 2344.4400765895844
1170 2344.4400765895844
1170 2344.4400765895844
1170 2344.4400765895844
1170 2344.4400765895844
1170 2346.420564889908
1170 2346.4361979961395
1170 2346.4361979961395
1170 2360.4145052433014
1170 2371.8271882534027
1170 2371.8271882534027
1170 2371.8271882534027
1170 2372.380051612854
1170 2378.847698688507
1170 2381.034749507904
1170 2381.036755800247
1170 2383.3251147270203
1170 2385.4767582416534
1170 2385.4767582416534
1170 2399.5571002960205
1170 2399.558099746704
1170 2403.3854467868805
1170 2414.2181129455566
1170 2416.0212321281433
1170 2416.0212321281433
1170 2419.141791343689
1170 2421.928958415985
1170 2421.928958415985
1170 2428.1950850486755
1170 2428.1950850486755
1170 2442.886750936508
1170 2443.3464465141296
1170 2443.347448348999
1170 2455.4268424510956
1170 2455.4288477897644
1170 2455.4308531284332
1170 2461.6143271923065
1170 2463.410105228424
1170 2464.013711452484
1170 2464.809805870056
1170 2466.622627258301
1170 2481.264580965042
1170 2481.266586303711
1170 2482.683354616165
1170 2488.331380367279
1170 2490.6585717201233
1170 2490.6605768203735
1170 2497.3463838100433
1170 2497.348388671875
1170 2497.3493914604187
1170 2497.3513967990875
1170 2497.3534014225006
1170 2512.01841711998
1170 2512.020426750183
1170 2515.8766853809357
1170 2522.5514183044434
1170 2522.5534234046936
1170 2524.7913773059845
1170 2525.259624004364
1170 2527.3100793361664
1170 2538.2953038215637
1170 2538.2963066101074
1170 2544.8908739089966
1170 2559.3733789920807
1170 2561.59729552269
1170 2561.59930062294
1170 2561.6003034114838
1170 2563.8352494239807
1170 2574.771366596222
1170 2574.7733721733093
1170 2574.77437376976
1170 2574.776380300522
1170 2575.9955990314484
1170 2579.11088681221
1170 2593.611464738846
1170 2593.6134700775146
1170 2595.389194250107
1170 2595.3911995887756
1170 2601.042232275009
1170 2601.8213052749634
1170 2601.8223083019257
1170 2601.824313879013
1170 2601.8263189792633
1170 2601.8273215293884
1170 2602.39182305336
1170 2616.899441719055
