5 17.563270807266235
64 35.049503803253174
115 52.56695866584778
173 70.03756427764893
222 87.52382850646973
270 104.96315121650696
318 122.43375539779663
358 139.85751509666443
398 157.4218487739563
437 174.9237403869629
471 192.39434814453125
505 209.98996472358704
540 227.61680388450623
573 245.86874270439148
605 270.8245508670807
636 288.4045419692993
666 305.93762588500977
696 323.47073769569397
724 341.01947712898254
749 358.53699254989624
772 379.476717710495
793 397.97865319252014
813 415.49613881111145
832 433.091787815094
846 450.64052867889404
860 468.1892364025116
879 487.2537908554077
892 504.7399923801422
904 522.3356463909149
914 539.9625174999237
924 557.5581047534943
933 576.2007405757904
942 593.8900876045227
951 615.0642139911652
960 632.7848784923553
968 651.489958524704
974 669.1481127738953
980 686.8218371868134
986 704.6362581253052
991 722.3256363868713
996 740.0149874687195
1001 757.7043642997742
1006 775.5344154834747
1010 793.1925404071808
1014 810.8506669998169
1018 828.6963126659393
1021 847.3857979774475
1025 865.0751469135284
1028 889.5777788162231
1030 907.1733689308167
1033 925.081550359726
1036 942.8959426879883
1039 960.6947124004364
1049 978.3996851444244
1054 999.4019162654877
1058 1017.6538555622101
1060 1035.2495040893555
1068 1052.8607494831085
1072 1070.5345015525818
1075 1096.130942106247
1079 1113.898452281952
1082 1131.7753536701202
1102 1149.4491350650787
1105 1167.0603816509247
1107 1184.7184772491455
1109 1203.0798316001892
1111 1224.4727005958557
1113 1242.0370659828186
1116 1259.69522190094
1118 1277.259556055069
1119 1294.792668581009
1120 1312.9977581501007
1121 1330.5308723449707
1123 1348.0795826911926
1124 1366.2690420150757
1125 1383.755245923996
1126 1407.9922273159027
1127 1426.212914466858
1128 1443.746025800705
1146 1462.2167057991028
1147 1480.749924659729
1148 1499.0174901485443
1149 1516.5350046157837
1149 1535.583904504776
1149 1553.1170165538788
1149 1571.150152206421
1149 1588.6676681041718
1149 1609.9824323654175
1149 1627.484290599823
1149 1645.7049791812897
1150 1663.3161911964417
1151 1681.0368237495422
1151 1700.5858089923859
1152 1718.1032919883728
1152 1735.5738978385925
1153 1753.1226062774658
1154 1770.6088709831238
1154 1788.0482215881348
1155 1805.7063171863556
