-28 18.64260196685791
58 36.86328959465027
138 55.72466683387756
209 75.33612608909607
263 96.36960864067078
316 114.215256690979
358 131.998393535614
400 149.7190568447113
439 167.76782035827637
472 185.3009328842163
505 202.95905876159668
538 220.53905081748962
568 238.13466811180115
597 255.7146918773651
634 273.4665775299072
668 291.12467432022095
694 308.8765892982483
719 326.5503125190735
744 344.2553176879883
766 369.4298677444458
788 387.3848979473114
809 406.65257143974304
830 424.5763795375824
851 442.28135442733765
871 460.1582534313202
891 477.92576694488525
910 495.7714424133301
925 521.0866022109985
939 538.9947838783264
953 556.8716843128204
967 574.6704514026642
978 592.5160949230194
988 610.2835760116577
995 628.0198655128479
1000 645.8029763698578
1005 663.5392351150513
1011 681.2598969936371
1017 699.152423620224
1021 716.8573973178864
1026 734.5311522483826
1031 752.4237062931061
1034 770.2849793434143
1037 788.0993404388428
1040 805.7730927467346
1043 823.4468784332275
1046 842.6832659244537
1050 860.3726449012756
1054 878.0463998317719
1066 902.6271336078644
1070 920.2071566581726
1074 937.9277594089508
1076 955.5546314716339
1078 973.1815323829651
1081 990.9021337032318
1084 1008.7634081840515
1086 1027.874811410904
1094 1045.4860570430756
1095 1067.7696764469147
1096 1087.3029992580414
1098 1104.8673958778381
1100 1122.4161047935486
1101 1139.9492194652557
1103 1157.4823298454285
1121 1189.1731984615326
1124 1206.7219371795654
1125 1224.8957407474518
1130 1242.3351247310638
1132 1262.3997266292572
1135 1279.9953453540802
1136 1298.450429201126
1137 1316.5929818153381
1138 1334.1417226791382
1139 1354.4720363616943
1140 1372.020746231079
1141 1391.6790826320648
1143 1409.3216152191162
1145 1427.057843208313
1147 1444.7003734111786
1148 1464.4524719715118
1150 1482.0793437957764
1152 1499.7843186855316
1153 1517.2861783504486
1153 1535.8662767410278
1154 1553.6025681495667
1155 1571.3387954235077
1155 1588.9500386714935
1156 1606.6706731319427
1156 1626.4383981227875
1156 1643.9715106487274
1156 1661.6452915668488
1156 1681.3661365509033
1157 1699.2430069446564
1157 1716.8699080944061
1157 1734.5905120372772
1157 1752.9518678188324
1157 1770.7974832057953
1158 1788.6900088787079
1158 1806.3793878555298
