-77 21.611669063568115
6 39.738595485687256
87 57.70925450325012
163 75.7424201965332
226 93.71307921409607
288 111.55875515937805
337 129.37311720848083
376 147.3437762260437
414 165.18942022323608
452 182.95696425437927
488 200.7244462966919
523 218.42948150634766
557 236.18134093284607
592 253.87071704864502
625 271.6851396560669
653 289.3901138305664
680 307.2201328277588
706 324.81575202941895
728 342.64577293395996
749 360.3195252418518
771 378.1026647090912
787 395.83892345428467
804 413.55955600738525
821 431.18642830848694
845 448.7820782661438
862 466.4089195728302
877 484.0670750141144
892 501.6626651287079
904 525.9777483940125
924 543.6827538013458
936 561.512770652771
956 579.2334356307983
967 599.5949432849884
992 617.3468587398529
1004 635.1924729347229
1015 653.0224938392639
1023 670.6962461471558
1031 688.3856236934662
1039 706.1062581539154
1045 726.4678251743317
1051 744.0946972370148
1072 761.7840478420258
1077 787.443023443222
1081 805.1168041229248
1084 822.9155414104462
1087 840.5424137115479
1090 858.1692862510681
1093 875.7336521148682
1096 896.1733241081238
1099 913.8627007007599
1102 931.44269490242
1104 949.1320741176605
1106 966.7746081352234
1115 984.3858172893524
1118 1001.9814364910126
1128 1019.5926823616028
1130 1038.6884608268738
1132 1059.034404039383
1134 1081.4117510318756
1137 1099.3042767047882
1140 1117.1030406951904
1143 1134.8549265861511
1146 1152.4974567890167
1149 1170.0774202346802
1153 1187.7355456352234
1154 1205.440551519394
1155 1222.926782131195
1156 1240.5380280017853
1157 1260.868344783783
1160 1278.495186805725
1161 1296.012672662735
1162 1320.359009027481
1163 1337.876494884491
1164 1357.5504887104034
1167 1375.5367455482483
1169 1394.366870880127
1171 1411.8843548297882
1173 1429.667495727539
1174 1447.200608253479
1176 1464.780600786209
1177 1486.2672581672668
1178 1505.3317835330963
1178 1522.989907026291
1179 1540.6636617183685
1179 1558.2436542510986
1179 1575.7923967838287
1179 1593.3723859786987
1179 1610.9680049419403
1179 1635.3143413066864
1179 1652.9099612236023
1179 1671.2087798118591
1180 1688.8512771129608
1180 1706.384421825409
1181 1723.9956662654877
1182 1741.6693887710571
1182 1759.1868751049042
1182 1776.6887338161469
1183 1794.2843534946442
1183 1812.458157300949
