16 18.68948459625244
94 37.97278428077698
157 55.75595188140869
213 76.33623361587524
269 94.11940479278564
322 112.01189970970154
367 129.85754418373108
408 147.6250560283661
447 165.39256858825684
485 183.25384259223938
520 201.068265914917
554 218.992014169693
588 236.79077982902527
623 254.55829215049744
656 273.3571927547455
684 291.2028079032898
711 309.0015757083893
735 327.4722878932953
761 345.3179335594177
784 362.9760596752167
807 380.77482628822327
827 398.4173529148102
844 416.0754487514496
861 433.8898401260376
874 452.2355411052704
885 470.42497396469116
896 488.00499534606934
907 505.8349850177765
916 531.5877206325531
925 549.2302198410034
934 566.8414657115936
954 584.4527099132538
962 602.0795841217041
970 619.7221202850342
979 637.333327293396
985 654.9914546012878
990 674.602911233902
995 694.2769079208374
1001 711.8568994998932
1007 729.7337694168091
1012 747.2981643676758
1016 765.581356048584
1021 783.1769449710846
1026 800.835072517395
1030 818.4463489055634
1035 836.2138307094574
1039 855.2002227306366
1042 872.8270933628082
1045 890.3602080345154
1048 907.8933200836182
1052 925.5514459609985
1055 943.4908516407013
1058 963.7117488384247
1062 981.2136089801788
1063 998.71546626091
1064 1016.26420545578
1065 1035.8444123268127
1066 1053.3150470256805
1068 1071.5044794082642
1069 1088.9281766414642
1070 1113.0401449203491
1072 1130.5107192993164
1073 1147.8563115596771
1075 1165.2956635951996
1077 1182.7975227832794
1078 1200.3150069713593
1080 1217.7856147289276
1082 1235.365605354309
1084 1252.914375782013
1085 1270.7599921226501
1087 1288.1524646282196
1088 1305.6386976242065
1090 1323.1405854225159
1092 1340.517430305481
1093 1357.9098751544952
1093 1376.0524270534515
1094 1393.5699129104614
1094 1411.024892091751
1095 1428.6205406188965
1096 1446.2005043029785
1096 1463.7336163520813
1096 1481.266727924347
1098 1498.9873898029327
1100 1518.64572930336
1102 1536.2100961208344
1104 1554.2432618141174
1104 1579.1521270275116
1104 1598.544842004776
1104 1615.9997913837433
1104 1633.4703977108002
1105 1651.1754047870636
1105 1668.6772623062134
1106 1686.5072813034058
1106 1705.9155929088593
1106 1723.4174518585205
1106 1740.9037132263184
1106 1765.8438320159912
1106 1783.5175864696503
1106 1801.00381731987
