-153 18.705111026763916
-69 36.55075716972351
1 54.14640522003174
69 71.74199557304382
133 91.9472668170929
191 109.63664603233337
248 127.24789190292358
301 144.9997775554657
349 162.68915677070618
397 180.36290860176086
444 197.98977994918823
486 215.53851962089539
527 233.2747802734375
566 251.12045621871948
604 268.9348487854004
641 286.71798610687256
674 304.5948851108551
704 322.51863527297974
727 340.3799076080322
750 358.22555112838745
772 379.55594420433044
794 397.3547098636627
813 415.26286220550537
828 433.10853695869446
842 451.6104733943939
856 469.3936126232147
869 487.27050971984863
881 505.67874693870544
890 524.0869224071503
908 542.5576636791229
917 560.2626404762268
926 577.9833025932312
935 595.8289167881012
957 613.5339226722717
964 631.3170924186707
971 648.9595625400543
982 667.1959059238434
991 684.8852825164795
1000 702.6527645587921
1013 720.3265171051025
1019 738.0784044265747
1025 755.830319404602
1031 773.6603076457977
1038 792.0685439109802
1044 809.8985316753387
1048 827.7441775798798
1052 845.496063709259
1057 863.3260843753815
1060 881.1092524528503
1064 898.9861226081848
1067 916.8786487579346
1070 934.7086656093597
1074 952.5387163162231
1094 970.5249712467194
1097 988.4018704891205
1100 1006.2006371021271
1103 1023.9837758541107
1105 1043.782782793045
1107 1061.5346393585205
1117 1079.1927943229675
1119 1096.92902469635
1121 1114.477793455124
1123 1132.0733835697174
1125 1149.6690006256104
1127 1167.3427546024323
1130 1185.0165071487427
1132 1202.6746623516083
1133 1220.5984103679657
1135 1240.6220541000366
1136 1258.9521570205688
1138 1276.3915145397186
1141 1293.8777406215668
1142 1313.9736285209656
1143 1331.444231748581
1144 1348.9148397445679
1145 1366.432291984558
1147 1384.1217031478882
1148 1401.654783964157
1148 1419.8286318778992
1148 1437.3148217201233
1148 1457.4263668060303
1148 1474.9125678539276
1148 1492.4300537109375
1149 1509.916315317154
1149 1530.1215891838074
1150 1547.6859550476074
1150 1565.156559228897
1150 1582.6583886146545
1151 1600.1602771282196
1151 1617.615226984024
1151 1635.0702061653137
1151 1652.6189794540405
1151 1672.16792678833
1151 1689.6385343074799
1152 1707.171644449234
1154 1724.7985219955444
1154 1742.925442457199
1154 1760.380422115326
1154 1777.8510270118713
1154 1796.0716819763184
