-45 0.006002902984619141 1
-44 0.018011093139648438 0.9800002000000001
-40 0.024015188217163086 0.9700003000000001
-31 0.03001880645751953 0.9600004000000002
-31 0.04002666473388672 0.9400006000000003
-22 0.04603075981140137 0.9300007000000003
38 0.052034616470336914 0.9200008000000004
62 0.0570378303527832 0.9100009000000004
62 0.06304192543029785 0.9000010000000005
62 0.0690460205078125 0.8900011000000005
61 0.07805180549621582 0.8700013000000006
61 0.08405613899230957 0.8600014000000007
61 0.09005999565124512 0.8500015000000007
61 0.09606385231018066 0.8400016000000008
61 0.10106706619262695 0.8300017000000008
61 0.1070711612701416 0.8200018000000009
61 0.11307501792907715 0.8100019000000009
61 0.11807823181152344 0.800002000000001
61 0.12808537483215332 0.7800022000000011
61 0.14209437370300293 0.7500025000000012
62 0.14709782600402832 0.7400026000000013
62 0.1571042537689209 0.7200028000000014
62 0.16310858726501465 0.7100029000000014
62 0.1691126823425293 0.7000030000000015
62 0.17911887168884277 0.6800032000000016
63 0.18512296676635742 0.6700033000000016
63 0.19813156127929688 0.6400036000000018
63 0.20413565635681152 0.6300037000000018
67 0.2211465835571289 0.590004100000002
67 0.23415541648864746 0.5600044000000022
67 0.2401597499847412 0.5500045000000022
70 0.24616360664367676 0.5400046000000023
70 0.2591719627380371 0.5100049000000024
70 0.2691786289215088 0.49000510000000247
70 0.28218770027160645 0.46000540000000245
70 0.288191556930542 0.45000550000000245
70 0.2971971035003662 0.43000570000000243
71 0.30320119857788086 0.4200058000000024
71 0.30820465087890625 0.4100059000000024
71 0.3142085075378418 0.4000060000000024
71 0.32021284103393555 0.3900061000000024
71 0.3302192687988281 0.3700063000000024
71 0.33622312545776367 0.3600064000000024
78 0.34122633934020996 0.3500065000000024
84 0.3472306728363037 0.3400066000000024
84 0.35223388671875 0.3300067000000024
84 0.35823750495910645 0.32000680000000237
84 0.364241361618042 0.31000690000000236
84 0.37024593353271484 0.30000700000000236
85 0.3762500286102295 0.29000710000000235
85 0.382251501083374 0.28000720000000234
85 0.3882575035095215 0.27000730000000234
85 0.3932609558105469 0.26000740000000233
85 0.3992648124694824 0.2500075000000023
89 0.40526914596557617 0.24000760000000232
89 0.4112727642059326 0.2300077000000023
106 0.4162764549255371 0.2200078000000023
113 0.42228007316589355 0.2100079000000023
115 0.42728328704833984 0.2000080000000023
115 0.4332873821258545 0.1900081000000023
115 0.4432942867279053 0.17000830000000228
115 0.449298620223999 0.16000840000000227
115 0.45530223846435547 0.15000850000000227
117 0.461306095123291 0.14000860000000226
117 0.46730995178222656 0.13000870000000225
117 0.476315975189209 0.11000890000000224
117 0.48232030868530273 0.10000900000000223
147 0.4883239269256592 0.09000910000000223
147 0.49432802200317383 0.08000920000000222
147 0.5003321170806885 0.07000930000000222
147 0.5053350925445557 0.06000940000000222
147 0.5113396644592285 0.05000950000000222
148 0.517343282699585 0.04000960000000222
102 0.0060040950775146484 1
119 0.011007547378540039 0.9900001
119 0.02101421356201172 0.9700003000000001
118 0.03402280807495117 0.9400006000000003
118 0.04002666473388672 0.9300007000000003
125 0.04503011703491211 0.9200008000000004
125 0.051033973693847656 0.9100009000000004
127 0.056037187576293945 0.9000010000000005
128 0.062041282653808594 0.8900011000000005
128 0.06704449653625488 0.8800012000000006
128 0.07304859161376953 0.8700013000000006
128 0.08305525779724121 0.8500015000000007
128 0.08905911445617676 0.8400016000000008
128 0.09406256675720215 0.8300017000000008
128 0.1000664234161377 0.8200018000000009
131 0.11307501792907715 0.790002100000001
131 0.1190791130065918 0.7800022000000011
131 0.12408232688903809 0.7700023000000011
131 0.13008642196655273 0.7600024000000012
144 0.13508987426757812 0.7500025000000012
145 0.16010642051696777 0.6900031000000015
144 0.16510963439941406 0.6800032000000016
145 0.17511630058288574 0.6600034000000017
153 0.1881248950958252 0.6300037000000018
180 0.19312834739685059 0.6200038000000019
180 0.19913220405578613 0.6100039000000019
180 0.20413565635681152 0.600004000000002
196 0.21013951301574707 0.590004100000002
196 0.21514272689819336 0.5800042000000021
196 0.221146821975708 0.5700043000000021
200 0.2261500358581543 0.5600044000000022
200 0.23215389251708984 0.5500045000000022
201 0.2381582260131836 0.5400046000000023
201 0.24316143989562988 0.5300047000000023
201 0.24916553497314453 0.5200048000000024
210 0.25817155838012695 0.5000050000000025
210 0.2641761302947998 0.49000510000000247
210 0.27018022537231445 0.48000520000000246
210 0.27618408203125 0.47000530000000246
210 0.2811877727508545 0.46000540000000245
216 0.28719162940979004 0.45000550000000245
219 0.29219484329223633 0.44000560000000244
222 0.30120110511779785 0.4200058000000024
222 0.3072047233581543 0.4100059000000024
222 0.3212151527404785 0.3800062000000024
231 0.3262183666229248 0.3700063000000024
237 0.3312215805053711 0.3600064000000024
249 0.33722567558288574 0.3500065000000024
249 0.3432300090789795 0.3400066000000024
249 0.3482329845428467 0.3300067000000024
249 0.35423731803894043 0.32000680000000237
249 0.3602409362792969 0.31000690000000236
250 0.3662450313568115 0.30000700000000236
251 0.37525081634521484 0.28000720000000234
252 0.38025426864624023 0.27000730000000234
252 0.3862583637237549 0.26000740000000233
273 0.39226222038269043 0.2500075000000023
274 0.3972654342651367 0.24000760000000232
274 0.40326976776123047 0.2300077000000023
281 0.40827298164367676 0.2200078000000023
281 0.4142768383026123 0.2100079000000023
281 0.4232828617095947 0.1900081000000023
282 0.4292869567871094 0.18000820000000228
283 0.4452977180480957 0.14000860000000226
283 0.4543032646179199 0.12000880000000225
283 0.46330976486206055 0.10000900000000223
283 0.4693136215209961 0.09000910000000223
284 0.48232173919677734 0.06000940000000222
284 0.49132776260375977 0.04000960000000222
284 0.4973318576812744 0.03000970000000222
285 0.5033361911773682 0.02000980000000222
285 0.5083394050598145 0.01000990000000222
-56 0.006003856658935547 1
-56 0.012007951736450195 0.99900001
-56 0.022014379501342773 0.9970000300000001
-56 0.027017593383789062 0.9960000400000002
-56 0.03302192687988281 0.9950000500000002
-55 0.046030282974243164 0.9920000800000004
-45 0.055036306381225586 0.9900001000000005
-15 0.060039520263671875 0.9890001100000005
-14 0.06604361534118652 0.9880001200000006
-14 0.07204747200012207 0.9870001300000006
-14 0.08205437660217285 0.9850001500000007
-14 0.08705759048461914 0.9840001600000008
-7 0.09306168556213379 0.9830001700000008
-1 0.09806489944458008 0.9820001800000009
-1 0.11107349395751953 0.979000210000001
-1 0.11707735061645508 0.9780002200000011
0 0.12308144569396973 0.9770002300000011
0 0.13208746910095215 0.9750002500000012
33 0.14109325408935547 0.9730002700000013
34 0.150099515914917 0.9710002900000014
34 0.15610337257385254 0.9700003000000015
48 0.1621084213256836 0.9690003100000015
48 0.17911958694458008 0.9650003500000017
75 0.1881256103515625 0.9630003700000018
77 0.19412970542907715 0.9620003800000019
77 0.20313549041748047 0.960000400000002
77 0.21314358711242676 0.9580004200000021
97 0.22114825248718262 0.9560004400000022
97 0.22715234756469727 0.9550004500000022
97 0.2361583709716797 0.9530004700000023
97 0.24616527557373047 0.9510004900000024
97 0.2521688938140869 0.9500005000000025
98 0.2571721076965332 0.9490005100000025
98 0.26317667961120605 0.9480005200000026
100 0.26817965507507324 0.9470005300000026
100 0.2861905097961426 0.9430005700000028
138 0.2951974868774414 0.9410005900000029
137 0.3002009391784668 0.940000600000003
138 0.30620479583740234 0.939000610000003
138 0.31120824813842773 0.9380006200000031
138 0.3172125816345215 0.9370006300000031
138 0.32721924781799316 0.9350006500000032
138 0.3362247943878174 0.9330006700000033
146 0.34122800827026367 0.9320006800000034
146 0.3472318649291992 0.9310006900000034
146 0.35623812675476074 0.9290007100000035
146 0.3692455291748047 0.9260007400000037
146 0.3862578868865967 0.9220007800000039
160 0.402268648147583 0.918000820000004
160 0.41527724266052246 0.9150008500000042
160 0.42028045654296875 0.9140008600000042
160 0.43028736114501953 0.9120008800000043
161 0.4402937889099121 0.9100009000000044
163 0.445296049118042 0.9090009100000045
163 0.45130109786987305 0.9080009200000045
163 0.4573049545288086 0.9070009300000046
164 0.4663112163543701 0.9050009500000047
168 0.4713144302368164 0.9040009600000047
170 0.47731852531433105 0.9030009700000048
174 0.4933288097381592 0.899001010000005
174 0.49933290481567383 0.898001020000005
174 0.5053367614746094 0.8970010300000051
174 0.5103402137756348 0.8960010400000051
176 0.5163443088531494 0.8950010500000052
192 0.5253496170043945 0.8930010700000053
195 0.5383586883544922 0.8900011000000054
199 0.544363260269165 0.8890011100000055
199 0.5503647327423096 0.8880011200000055
234 0.5553691387176514 0.8870011300000056
234 0.562373161315918 0.8860011400000056
235 0.5683765411376953 0.8850011500000057
233 0.5743827819824219 0.8840011600000057
233 0.5833888053894043 0.8820011800000058
234 0.5963973999023438 0.879001210000006
234 0.60140061378479 0.878001220000006
234 0.6154100894927979 0.8750012500000062
234 0.634422779083252 0.8700013000000064
234 0.6404266357421875 0.8690013100000065
233 0.645430326461792 0.8680013200000065
232 0.6514341831207275 0.8670013300000066
240 0.6714470386505127 0.8620013800000068
240 0.6774511337280273 0.8610013900000069
240 0.6864573955535889 0.859001410000007
240 0.6924612522125244 0.858001420000007
240 0.7024674415588379 0.8560014400000071
243 0.7074708938598633 0.8550014500000072
246 0.713475227355957 0.8540014600000072
246 0.7184782028198242 0.8530014700000073
247 0.7244822978973389 0.8520014800000073
247 0.7304861545562744 0.8510014900000074
247 0.7364902496337891 0.8500015000000074
247 0.7454962730407715 0.8480015200000075
247 0.7504994869232178 0.8470015300000076
250 0.7605063915252686 0.8450015500000077
255 0.7655096054077148 0.8440015600000077
256 0.7715137004852295 0.8430015700000077
256 0.7845218181610107 0.8400016000000079
256 0.8025343418121338 0.8360016400000081
262 0.807537317276001 0.8350016500000081
262 0.8135416507720947 0.8340016600000082
285 0.8335549831390381 0.8290017100000084
285 0.8425605297088623 0.8270017300000085
287 0.848564624786377 0.8260017400000086
287 0.8545684814453125 0.8250017500000086
287 0.8635745048522949 0.8230017700000087
289 0.8725802898406982 0.8210017900000088
289 0.8905925750732422 0.817001830000009
289 0.9036011695861816 0.8140018600000092
289 0.9096050262451172 0.8130018700000092
289 0.919609785079956 0.8110018900000093
295 0.9286155700683594 0.8090019100000094
314 0.9346218109130859 0.8080019200000095
314 0.9476301670074463 0.8050019500000096
317 0.9566361904144287 0.8030019700000097
319 0.9626400470733643 0.8020019800000098
319 0.9686441421508789 0.8010019900000098
319 0.9736473560333252 0.8000020000000099
331 0.9796512126922607 0.7990020100000099
358 0.9876565933227539 0.79700203000001
360 0.9936609268188477 0.7960020400000101
369 1.0106720924377441 0.7920020800000103
369 1.0156753063201904 0.7910020900000103
393 1.021679401397705 0.7900021000000104
393 1.0266826152801514 0.7890021100000104
393 1.044694423675537 0.7850021500000106
393 1.0496981143951416 0.7840021600000107
393 1.066709280014038 0.7800022000000109
393 1.0727131366729736 0.7790022100000109
395 1.0817193984985352 0.777002230000011
395 1.0917260646820068 0.7750022500000111
398 1.096729040145874 0.7740022600000112
398 1.1027328968048096 0.7730022700000112
400 1.107736349105835 0.7720022800000113
401 1.1177430152893066 0.7700023000000114
434 1.122746467590332 0.7690023100000114
434 1.1287505626678467 0.7680023200000115
434 1.1337535381317139 0.7670023300000115
434 1.1397576332092285 0.7660023400000116
434 1.1457619667053223 0.7650023500000116
434 1.1507649421691895 0.7640023600000116
434 1.1607716083526611 0.7620023800000117
434 1.1707782745361328 0.7600024000000118
434 1.1757817268371582 0.7590024100000119
434 1.1847875118255615 0.757002430000012
434 1.1947941780090332 0.7550024500000121
434 1.2007982730865479 0.7540024600000121
434 1.2098040580749512 0.7520024800000122
435 1.2258148193359375 0.7480025200000124
439 1.2348206043243408 0.7460025400000125
441 1.2408244609832764 0.7450025500000126
441 1.2468290328979492 0.7440025600000126
441 1.2558345794677734 0.7420025800000127
441 1.265841007232666 0.7400026000000128
443 1.2708444595336914 0.7390026100000129
443 1.2768476009368896 0.7380026200000129
446 1.2828514575958252 0.737002630000013
447 1.2888555526733398 0.736002640000013
447 1.2978615760803223 0.7340026600000131
448 1.3038654327392578 0.7330026700000132
448 1.3098702430725098 0.7320026800000132
448 1.3228771686553955 0.7290027100000134
447 1.328881025314331 0.7280027200000134
447 1.3348851203918457 0.7270027300000135
447 1.343890905380249 0.7250027500000136
447 1.3568997383117676 0.7220027800000137
448 1.373910903930664 0.7180028200000139
449 1.3829169273376465 0.716002840000014
449 1.395925760269165 0.7130028700000142
449 1.4019293785095215 0.7120028800000142
449 1.4079334735870361 0.7110028900000143
449 1.4169394969940186 0.7090029100000144
448 1.422943353652954 0.7080029200000144
448 1.4279468059539795 0.7070029300000145
456 1.440955400466919 0.7040029600000146
456 1.4579668045043945 0.7000030000000148
456 1.4629700183868408 0.6990030100000149
456 1.4729766845703125 0.697003030000015
456 1.489987850189209 0.6930030700000152
456 1.5019960403442383 0.6900031000000153
456 1.5079998970031738 0.6890031100000154
456 1.5170056819915771 0.6870031300000154
455 1.5260119438171387 0.6850031500000155
455 1.554030179977417 0.6780032200000159
478 1.5780463218688965 0.6720032800000162
478 1.5830497741699219 0.6710032900000162
478 1.5920555591583252 0.6690033100000163
478 1.5980594158172607 0.6680033200000164
482 1.6040637493133545 0.6670033300000164
482 1.6130695343017578 0.6650033500000165
482 1.6260781288146973 0.6620033800000167
482 1.6310813426971436 0.6610033900000167
482 1.6370854377746582 0.6600034000000168
482 1.6470921039581299 0.6580034200000169
523 1.670107364654541 0.6520034800000172
523 1.6791131496429443 0.6500035000000173
523 1.685117483139038 0.6490035100000173
524 1.7011277675628662 0.6450035500000175
524 1.7071318626403809 0.6440035600000176
524 1.7241432666778564 0.6400036000000178
524 1.7291464805603027 0.6390036100000178
524 1.7351505756378174 0.6380036200000179
524 1.7481591701507568 0.635003650000018
524 1.7541627883911133 0.6340036600000181
524 1.771174430847168 0.6300037000000183
524 1.7761776447296143 0.6290037100000183
524 1.7821815013885498 0.6280037200000184
524 1.7871851921081543 0.6270037300000184
524 1.808199167251587 0.6220037800000187
524 1.8142027854919434 0.6210037900000187
524 1.8192062377929688 0.6200038000000188
524 1.8252103328704834 0.6190038100000188
525 1.831214189529419 0.6180038200000189
525 1.8362176418304443 0.6170038300000189
525 1.8422214984893799 0.616003840000019
526 1.8512275218963623 0.614003860000019
526 1.8642358779907227 0.6110038900000192
526 1.8702402114868164 0.6100039000000193
526 1.8752434253692627 0.6090039100000193
526 1.8852510452270508 0.6070039300000194
526 1.8912549018859863 0.6060039400000194
525 1.897258996963501 0.6050039500000195
525 1.9022622108459473 0.6040039600000195
525 1.912269115447998 0.6020039800000196
525 1.9212737083435059 0.6000040000000197
525 1.9272778034210205 0.5990040100000198
525 1.9472911357879639 0.59400406000002
526 1.9572978019714355 0.5920040800000201
527 1.9623022079467773 0.5910040900000202
527 1.976311445236206 0.5880041200000203
527 1.9963247776031494 0.5830041700000206
527 2.0133373737335205 0.5790042100000208
527 2.019341230392456 0.5780042200000208
527 2.0243442058563232 0.5770042300000209
527 2.03835391998291 0.574004260000021
527 2.0513620376586914 0.5710042900000212
527 2.057365894317627 0.5700043000000212
527 2.0633702278137207 0.5690043100000213
527 2.068373441696167 0.5680043200000213
527 2.0743777751922607 0.5670043300000214
527 2.0803799629211426 0.5660043400000214
527 2.0933902263641357 0.5630043700000216
527 2.106398582458496 0.5600044000000217
528 2.1124026775360107 0.5590044100000218
529 2.117406129837036 0.5580044200000218
530 2.123410224914551 0.5570044300000219
555 2.1294140815734863 0.5560044400000219
555 2.1384198665618896 0.554004460000022
555 2.1444239616394043 0.5530044700000221
555 2.1574325561523438 0.5500045000000222
555 2.16743803024292 0.5480045200000223
555 2.180447578430176 0.5450045500000225
556 2.185451030731201 0.5440045600000225
556 2.1914548873901367 0.5430045700000226
558 2.1974589824676514 0.5420045800000226
557 2.2064640522003174 0.5400046000000227
557 2.215471029281616 0.5380046200000228
557 2.2214746475219727 0.5370046300000229
557 2.249493360519409 0.5300047000000232
557 2.2584996223449707 0.5280047200000233
558 2.2645034790039062 0.5270047300000233
558 2.2735092639923096 0.5250047500000234
558 2.279513359069824 0.5240047600000235
558 2.292522430419922 0.5210047900000236
558 2.297525405883789 0.5200048000000237
558 2.3145368099212646 0.5160048400000239
564 2.3205406665802 0.5150048500000239
564 2.3335492610931396 0.5120048800000241
565 2.342555046081543 0.5100049000000242
566 2.3475584983825684 0.5090049100000242
566 2.353562593460083 0.5080049200000243
567 2.3635690212249756 0.5060049400000244
574 2.375577211380005 0.5030049700000245
574 2.3815810680389404 0.5020049800000246
574 2.3865842819213867 0.5010049900000246
574 2.3925888538360596 0.5000050000000247
574 2.3975918292999268 0.4990050100000247
574 2.4035956859588623 0.49800502000002467
574 2.409599781036377 0.49700503000002466
575 2.4156036376953125 0.49600504000002466
575 2.420606851577759 0.49500505000002465
575 2.4336154460906982 0.49200508000002463
586 2.439619541168213 0.4910050900000246
588 2.4446232318878174 0.4900051000000246
588 2.45462965965271 0.4880051200000246
591 2.4676382541656494 0.4850051500000246
591 2.473642110824585 0.4840051600000246
591 2.4796462059020996 0.4830051700000246
591 2.4846484661102295 0.48200518000002457
591 2.4946560859680176 0.48000520000002456
591 2.5046629905700684 0.47800522000002454
591 2.5096659660339355 0.47700523000002454
591 2.522674798965454 0.4740052600000245
591 2.528679132461548 0.4730052700000245
591 2.534682512283325 0.4720052800000245
591 2.5436885356903076 0.4700053000000245
591 2.5526950359344482 0.4680053200000245
592 2.558698892593384 0.4670053300000245
592 2.5727083683013916 0.46400536000002446
592 2.578711748123169 0.46300537000002445
592 2.5837152004241943 0.46200538000002445
593 2.596724271774292 0.4590054100000244
593 2.6027281284332275 0.4580054200000244
593 2.612734317779541 0.4560054400000244
595 2.6177380084991455 0.4550054500000244
595 2.623741626739502 0.4540054600000244
595 2.6337480545043945 0.4520054800000244
595 2.6397523880004883 0.4510054900000244
595 2.649758815765381 0.44900551000002437
595 2.669772148132324 0.44400556000002434
595 2.675776243209839 0.44300557000002433
595 2.6817800998687744 0.4420055800000243
595 2.690786361694336 0.4400056000000243
595 2.6967899799346924 0.4390056100000243
595 2.7017934322357178 0.4380056200000243
595 2.710799217224121 0.4360056400000243
596 2.7238073348999023 0.43300567000002427
614 2.729811906814575 0.43200568000002426
614 2.73581600189209 0.43100569000002426
614 2.7408194541931152 0.43000570000002425
617 2.7498252391815186 0.42800572000002424
617 2.7598319053649902 0.4260057400000242
617 2.7658352851867676 0.4250057500000242
617 2.7788445949554443 0.4220057800000242
621 2.7838478088378906 0.4210057900000242
622 2.7898519039154053 0.4200058000000242
623 2.79585599899292 0.4190058100000242
623 2.811866283416748 0.41500585000002416
623 2.8288776874542236 0.41100589000002413
623 2.837883710861206 0.4090059100000241
623 2.8438875675201416 0.4080059200000241
624 2.864901542663574 0.4030059700000241
624 2.8699047565460205 0.4020059800000241
623 2.875908851623535 0.40100599000002407
623 2.8819127082824707 0.40000600000002406
624 2.8909189701080322 0.39800602000002405
624 2.900925397872925 0.39600604000002404
624 2.9099314212799072 0.394006060000024
624 2.915935516357422 0.393006070000024
624 2.9219391345977783 0.392006080000024
624 2.9309446811676025 0.390006100000024
624 2.9369494915008545 0.389006110000024
624 2.942953586578369 0.388006120000024
624 2.9479568004608154 0.387006130000024
624 2.960965633392334 0.38400616000002397
625 2.966968297958374 0.38300617000002396
625 2.975975513458252 0.38100619000002395
626 2.9849812984466553 0.37900621000002394
627 2.9979898929595947 0.3760062400000239
626 3.0039937496185303 0.3750062500000239
626 3.014000654220581 0.3730062700000239
626 3.0190038681030273 0.3720062800000239
626 3.025007724761963 0.3710062900000239
632 3.0310120582580566 0.3700063000000239
637 3.055027723312378 0.36400636000002384
637 3.0690371990203857 0.3610063900000238
635 3.074040412902832 0.3600064000000238
635 3.0800445079803467 0.3590064100000238
635 3.0860486030578613 0.3580064200000238
635 3.1210718154907227 0.34900651000002375
635 3.1310787200927734 0.34700653000002374
635 3.137082099914551 0.34600654000002373
635 3.142085313796997 0.3450065500000237
635 3.1510913372039795 0.3430065700000237
638 3.1570956707000732 0.3420065800000237
638 3.171104907989502 0.3390066100000237
638 3.1811113357543945 0.3370066300000237
638 3.186114549636841 0.33600664000002367
639 3.1921188831329346 0.33500665000002366
641 3.198122978210449 0.33400666000002366
641 3.2041268348693848 0.33300667000002365
641 3.217135190963745 0.33000670000002363
641 3.2301437854766846 0.3270067300000236
642 3.2431528568267822 0.3240067600000236
641 3.253159284591675 0.3220067800000236
641 3.2621653079986572 0.3200068000000236
641 3.2681689262390137 0.31900681000002357
641 3.2891831398010254 0.31400686000002354
641 3.295187473297119 0.31300687000002353
641 3.3011908531188965 0.3120068800000235
641 3.310196876525879 0.3100069000000235
642 3.3242063522338867 0.3070069300000235
642 3.3302083015441895 0.3060069400000235
643 3.336214303970337 0.3050069500000235
657 3.341217517852783 0.3040069600000235
657 3.3472213745117188 0.30300697000002347
664 3.375239849090576 0.2960070400000234
664 3.38124418258667 0.2950070500000234
664 3.3902499675750732 0.2930070700000234
665 3.400256872177124 0.2910070900000234
665 3.4062609672546387 0.2900071000000234
665 3.415266752243042 0.2880071200000234
665 3.4212703704833984 0.28700713000002337
665 3.430274486541748 0.28500715000002336
665 3.4362807273864746 0.28400716000002335
684 3.4422848224639893 0.28300717000002334
684 3.4592957496643066 0.2790072100000233
684 3.472304344177246 0.2760072400000233
684 3.4853134155273438 0.2730072700000233
684 3.494318962097168 0.27100729000002327
684 3.5113303661346436 0.26700733000002325
684 3.5213372707366943 0.26500735000002323
684 3.527341365814209 0.26400736000002323
684 3.536346912384033 0.2620073800000232
684 3.5453529357910156 0.2600074000000232
684 3.551356792449951 0.2590074100000232
684 3.561363935470581 0.2570074300000232
685 3.5743720531463623 0.25400746000002317
685 3.5833780765533447 0.25200748000002315
685 3.5933849811553955 0.25000750000002314
685 3.603391647338867 0.24800752000002313
685 3.6123971939086914 0.24600754000002312
685 3.622403860092163 0.2440075600000231
685 3.6274073123931885 0.2430075700000231
685 3.6414170265197754 0.24000760000002308
685 3.6544253826141357 0.23700763000002306
685 3.6784415245056152 0.23100769000002302
685 3.692450523376465 0.228007720000023
685 3.6984543800354004 0.227007730000023
686 3.707460403442383 0.225007750000023
686 3.712463855743408 0.22400776000002298
686 3.741482973098755 0.21700783000002294
686 3.7474868297576904 0.21600784000002293
687 3.753490924835205 0.21500785000002293
687 3.7634975910186768 0.21300787000002291
691 3.772503614425659 0.2110078900000229
691 3.7785074710845947 0.2100079000000229
691 3.787513256072998 0.20800792000002288
693 3.793517589569092 0.20700793000002288
693 3.8035242557525635 0.20500795000002286
693 3.816532611846924 0.20200798000002285
693 3.8445515632629395 0.1950080500000228
693 3.854558229446411 0.1930080700000228
693 3.8635618686676025 0.19100809000002278
693 3.876572847366333 0.18800812000002276
694 3.8865795135498047 0.18600814000002275
694 3.907593250274658 0.18100819000002272
695 3.9125964641571045 0.1800082000000227
695 3.933608293533325 0.17500825000002268
695 3.968632459640503 0.16600834000002263
695 3.9856438636779785 0.1620083800000226
695 3.990647315979004 0.1610083900000226
695 4.0006537437438965 0.15900841000002258
696 4.0176661014556885 0.15500845000002256
696 4.022669553756714 0.15400846000002255
696 4.031675338745117 0.15200848000002254
696 4.041682481765747 0.15000850000002253
696 4.047685146331787 0.14900851000002252
696 4.056691884994507 0.1470085300000225
696 4.069700479507446 0.1440085600000225
696 4.079707622528076 0.14200858000002248
696 4.0887134075164795 0.14000860000002247
696 4.094717025756836 0.13900861000002246
697 4.100721597671509 0.13800862000002245
697 4.105724334716797 0.13700863000002245
697 4.115729093551636 0.13500865000002243
698 4.1257359981536865 0.13300867000002242
698 4.130739212036133 0.13200868000002242
698 4.143747806549072 0.1290087100000224
698 4.14975380897522 0.1280087200000224
698 4.154757261276245 0.12700873000002239
698 4.168766736984253 0.12400876000002237
698 4.184777021408081 0.12000880000002234
703 4.190780878067017 0.11900881000002234
711 4.206791877746582 0.11500885000002231
711 4.215797424316406 0.1130088700000223
711 4.221801519393921 0.11200888000002229
712 4.226804733276367 0.11100889000002229
712 4.236811399459839 0.10900891000002227
712 4.263829231262207 0.10200898000002223
712 4.269833087921143 0.10100899000002223
712 4.2798402309417725 0.09900901000002221
713 4.285844087600708 0.0980090200000222
713 4.2948503494262695 0.0960090400000222
713 4.300853967666626 0.09500905000002219
713 4.305857181549072 0.09400906000002218
713 4.311861276626587 0.09300907000002218
718 4.32086706161499 0.09100909000002216
718 4.338879346847534 0.08700913000002214
718 4.34388279914856 0.08600914000002213
718 4.349886417388916 0.08500915000002213
722 4.354889869689941 0.08400916000002212
722 4.360893726348877 0.08300917000002211
723 4.3668975830078125 0.08200918000002211
723 4.386910915374756 0.07700923000002208
723 4.39291524887085 0.07600924000002207
723 4.413928985595703 0.07100929000002204
724 4.4229347705841064 0.06900931000002203
724 4.435943841934204 0.06600934000002201
724 4.44194769859314 0.065009350000022
726 4.450953722000122 0.06300937000002199
726 4.4569573402404785 0.06200938000002199
726 4.461960554122925 0.06100939000002199
727 4.4679646492004395 0.060009400000021994
727 4.473968505859375 0.059009410000021995
727 4.479973077774048 0.058009420000021995
727 4.485976696014404 0.057009430000021996
727 4.494982957839966 0.055009450000022
727 4.503988742828369 0.053009470000022
727 4.513993740081787 0.051009490000022
727 4.538011074066162 0.045009550000022006
727 4.548017978668213 0.04300957000002201
727 4.568031549453735 0.03800962000002201
727 4.578037738800049 0.03600964000002201
727 4.583041191101074 0.03500965000002201
727 4.593048095703125 0.033009670000022015
727 4.602053880691528 0.031009690000022017
727 4.608057737350464 0.030009700000022017
727 4.6140618324279785 0.029009710000022018
727 4.631073236465454 0.02500975000002202
729 4.63707709312439 0.024009760000022022
729 4.643081188201904 0.023009770000022023
729 4.652086973190308 0.021009790000022024
729 4.658090591430664 0.020009800000022025
730 4.664094686508179 0.019009810000022026
730 4.669098138809204 0.018009820000022027
734 4.67510199546814 0.017009830000022028
734 4.681105852127075 0.01600984000002203
734 4.69511342048645 0.01300987000002203
735 4.702118396759033 0.012009880000022032
735 4.71112585067749 0.010009900000022033
735 4.71912956237793 0.009009910000022034
735 4.745148420333862 0.0030099700000220343
